5100
5201
5303
5406
5510
5615
5721
5828
5936
6045
6155
6266
6378
6491
6605
6720
6836
6953
7071
7190
7310
7431
7553
7676
7800
7925
8051
8178
8306
8435
8565
8696
8828
8961
9095
9230
9366
9503
9641
9780
9920
10061
10203
10346
10490
10635
10781
10928
11076
11225
11375
11526
11678
11831
11985
12140
12296
12453
12611
12770
12930
13091
13253
13416
13580
13745
13911
14078
14246
14415
14585
14756
14928
15101
15275
15450
15626
15803
15981
16160
16340
16521
16703
16886
17070
17255
17441
17628
17816
18005
18195
18386
18578
18771
18965
19160
19356
19553
19751
19950
20150
20351
20553
20756
20960
21165
21371
21578
21786
21995
22205
22416
22628
22841
23055
23270
23486
23703
23921
24140
24360
24581
24803
25026
25250
25475
25701
25928
26156
26385
26615
26846
27078
27311
27545
27780
28016
28253
28491
28730
28970
29211
29453
29696
29940
30185
30431
30678
30926
31175
31425
31676
31928
32181
32435
32690
32946
33203
33461
33720
33980
34241
34503
34766
35030
35295
35561
35828
36096
36365
36635
36906
37178
37451
37725
38000
38276
38553
38831
39110
39390
39671
39953
40236
40520
40805
41091
41378
41666
41955
42245
42536
42828
43121
43415
43710
44006
44303
44601
44900
45200
45501
45803
46106
46410
46715
47021
47328
47636
47945
48255
48566
48878
49191
49505
49820
50136
50453
50771
51090
51410
51731
52053
52376
52700
53025
53351
53678
54006
54335
54665
54996
55328
55661
55995
56330
56666
57003
57341
57680
58020
58361
58703
59046
59390
59735
60081
60428
60776
61125
61475
61826
62178
62531
62885
63240
63596
63953
64311
64670
65030
65391
65753
66116
66480
66845
67211
67578
67946
68315
68685
69056
69428
69801
70175
70550
70926
71303
71681
72060
72440
72821
73203
73586
73970
74355
74741
75128
75516
75905
76295
76686
77078
77471
77865
78260
78656
79053
79451
79850
80250
80651
81053
81456
81860
82265
82671
83078
83486
83895
84305
84716
85128
85541
85955
86370
86786
87203
87621
88040
88460
88881
89303
89726
90150
90575
91001
91428
91856
92285
92715
93146
93578
94011
94445
94880
95316
95753
96191
96630
97070
97511
97953
98396
98840
99285
99731
100178
100626
101075
101525
101976
102428
102881
103335
103790
104246
104703
105161
105620
106080
106541
107003
107466
107930
108395
108861
109328
109796
110265
110735
111206
111678
112151
112625
113100
113576
114053
114531
115010
115490
115971
116453
116936
117420
117905
118391
118878
119366
119855
120345
120836
121328
121821
122315
122810
123306
123803
124301
124800
